300
-10.000006
-10.000001
-10.000001
-9.999996
-10.000005
-9.999988
-9.999943
-10.000023
-9.999981
-10.000038
-10.000008
-10.000010
-10.000004
-10.000023
-10.000029
-9.999989
-10.000014
-10.000041
-10.000002
-9.999993
-10.000001
-9.999985
-10.000008
-10.000022
-10.000020
-9.999983
-9.999991
-10.000003
-10.000024
-10.000014
-10.000000
-9.999978
-10.000010
-10.000008
-10.000032
-9.999953
-9.999992
-10.000003
-10.000036
-9.999978
-10.000010
-10.000007
-9.999986
-9.999987
-9.999963
-9.999967
-10.000125
-10.000179
-10.000008
-10.000045
-10.000007
-9.999962
-10.000005
-9.999979
-10.000032
-9.999952
-9.999995
-10.000042
-9.999943
-10.000000
-10.000002
-10.000013
-10.000047
-10.000012
-9.999994
-9.999985
-9.999996
-9.999999
-10.000020
-10.000041
-9.999975
-10.000012
-10.000013
-10.000020
-9.999987
-9.999970
-9.999981
-10.000035
-10.000011
-10.000032
-9.999987
-9.999968
-10.000003
-10.000003
-9.999932
-10.000023
-10.000009
-10.000004
-10.000010
-9.999960
-10.000032
-10.000014
-10.000032
-9.999964
-10.000011
-10.000005
-9.999985
-9.999969
-10.000018
-10.000021
-10.000005
-9.999994
-10.000022
-9.999906
-9.999997
-10.000018
-10.000011
-9.999988
-10.000065
-9.999938
-9.999963
-9.999974
-10.000009
-10.000016
-9.999983
-10.000031
-10.000000
-10.000000
-9.999998
-9.999982
-10.000006
-10.000007
-10.000038
-10.000015
-10.000051
-9.999975
-10.000107
-9.999922
-10.000000
-10.000010
-9.999987
-10.000001
-10.000053
-10.000011
-9.999941
-10.000001
-9.999927
-9.999997
-9.999954
-9.999994
-9.999970
-10.000025
-9.999932
-9.999931
-10.000007
-9.999933
-9.999991
-9.999987
-10.000139
-9.999981
-10.000010
-9.999977
-10.000014
-9.999967
-9.999982
-10.000025
-10.000018
-9.999983
-9.999987
-9.999984
-10.000096
-9.999963
-10.000062
-10.000038
-9.999994
-10.000010
-9.999987
-10.000022
-9.999891
-9.999991
-10.000025
-10.000024
-10.000065
-10.000013
-9.999976
-10.000002
-10.000019
-9.999950
-9.999994
-10.000003
-10.000015
-10.000041
-9.999831
-9.999987
-9.999948
-9.999954
-9.999983
-10.000000
-10.000004
-10.000045
-9.999982
-9.999993
-10.000070
-9.999975
-9.999967
-9.999972
-10.000022
-10.000029
-10.000003
-10.000001
-9.999970
-10.000021
-10.000009
-10.000015
-9.999966
-10.000048
-10.000010
-9.999983
-9.999988
-9.999988
-9.999976
-9.999982
-9.999991
-9.999993
-9.999970
-10.000073
-10.000021
-9.999996
-10.000028
-9.999996
-9.999999
-9.999982
-10.000023
-10.000012
-10.000028
-9.999951
-10.000031
-9.999998
-10.000003
-10.000045
-9.999977
-10.000003
-10.000005
-9.999983
-10.000043
-10.000007
-10.000013
-9.999985
-9.999910
-10.000029
-10.000004
-10.000015
-9.999974
-10.000005
-10.000006
-9.999965
-10.000099
-10.000027
-9.999840
-9.999990
-10.000019
-10.000039
-9.999948
-10.000001
-9.999983
-9.999997
-9.999883
-10.000000
-10.000003
-10.000055
-10.000001
-9.999997
-9.999988
-10.000008
-10.000056
-9.999989
-9.999976
-9.999989
-10.000028
-10.000032
-9.999998
-9.999994
-9.999877
-10.000029
-9.999982
-9.999991
-10.000017
-10.000001
-10.000083
-10.000007
-10.000020
-9.999980
-9.999994
-9.999970
-10.000002
-10.000039
-9.999983
-10.000021
-9.999988
-10.000006
-9.999992
-10.000017
-9.999912
-10.000049
-9.999987
-9.999995
-10.000008
-10.000013
-9.999944
-10.000011
