1444
94.624013
104.944990
1207.623230
182.959156
487.828438
-330.761429
-135.752402
324.402520
377.581335
361.391989
-61.823219
38.469988
-81.673068
435.590005
262.009276
426.238234
1402.670598
-1241.292679
-473.423464
-192.240039
-129.727152
340.944561
-261.773440
-3410.683421
113.699781
480.114451
-279.791109
-62.419332
5.574159
-132.327044
99.482468
-169.909822
-1007.020990
-269.145169
48.214259
-28.234418
416.090610
-104.526118
114.193019
75.373833
185.669570
-351.996806
-45.674620
57.980546
-616.210393
-74.514878
-3015.667096
955.256542
378.413262
12.152586
291.823646
-107.281525
-370.301610
-50.935452
-970.915812
1493.245341
885.488673
80.983529
-169.235897
-41.479227
-123.137054
-804.935445
52.388853
289.359661
179.151825
2696.331488
-19.383890
162.179365
44.030576
-538.998763
3135.802054
-1495.248811
-1276.826625
-61.538496
748.013186
-5180.152922
133.815667
-87.538563
-91.796955
230.987288
-75.238907
-35.297192
-318.273519
271.697608
203.816737
-156.123963
-398.821923
-312.227647
70.415870
75.895763
69.309086
1359.980332
-224.288213
-846.634905
-1354.236076
189.575032
-71.933262
-2054.091319
6565.639818
254.256145
15.428396
-241.300359
-349.304922
1307.923901
1266.147068
-2227.634047
-630.708308
-1006.623022
46.624869
1521.378020
2199.521897
-3960.176602
-976.834437
1639.448297
247.822846
-147.903918
-108.592229
195.058725
54.791108
848.357213
706.128421
230.339295
-584.511899
0.057914
75.937467
788.309088
-17.313714
-98.958954
-82.881199
204.663220
-88.129022
-5242.371686
-4309.112524
-344.734370
-278.813196
-252.097325
-17.880129
-54.596061
84.984524
-152.893013
-269.762917
884.733330
-1995.658142
1188.971900
-67.752098
-92.173753
-162.146553
50.110289
-18.438119
3709.648218
-535.850361
-326.955881
1833.940184
2899.434134
-691.931422
0.000000
1716.922785
298.524093
-946.344725
-1767.690121
-1001.186507
2202.048634
0.378017
197.647074
-885.697779
-926.810377
-13.157736
105.357844
-306.505470
134.758451
-103.340447
-1184.710609
-402.988546
-229.403693
796.345068
218.224829
343.720660
146.417699
-365.662888
-40.186959
-67.910792
245.579167
-10.792853
-1500.162170
-1039.306750
5220.122993
1273.398291
3350.154457
-2684.335870
-7040.989254
123.796765
-450.536692
2022.365194
-47.903299
-852.558586
32.732332
20.002398
3471.052823
-145.000048
-139.534451
1513.536587
-38.884732
194.145672
232.679903
520.475324
357.857937
-28.250712
-0.037954
-0.226481
0.482901
-0.011200
-0.005638
-0.012416
-0.012042
-0.045925
-2.360912
-0.742109
-0.387248
-0.119459
-0.322697
-0.263099
-0.217730
-0.633798
-0.215663
-0.149398
-0.182909
-0.446947
-1.520419
5.574762
-1.486838
0.546322
-0.219028
-4.016003
-9.883842
-3.490902
-1.385147
-1.851693
-0.410836
5.309573
-9.124786
-2.117759
-1.520428
-0.877008
-0.611514
1.218593
-0.374224
-2.535426
-3.361205
-2.219809
1.549547
-7.790390
-3.551996
-18.317397
-32.624548
-54.112589
-2.484588
-3.806744
-1.119679
-0.970136
-7.755632
-1.957410
-0.537052
-2.791165
0.104289
-6.364211
-5.780837
-17.937763
-9.553438
-33.513579
0.740876
0.163696
6.561095
-7.078643
-6.471288
-246.451621
-18.535772
-2.380856
-73.865308
-78.931716
-140.331052
-39.343698
-230.862656
-15.389105
-46.073276
331.492587
-5.942114
-7.242308
-225.400359
-66.901575
-2217.485014
-2199.583399
725.681128
111.547733
1054.662944
273.305408
-93.943885
-120.847862
149.930762
220.316957
-59.809125
0.000000
0.000000
0.000000
0.000000
-0.000000
-0.000000
-0.000000
0.000000
0.000000
0.000000
0.000000
0.000000
0.000000
0.000000
-0.000000
0.000000
0.000000
-0.000000
-0.000000
-0.000000
-0.000000
0.000000
-0.000000
0.000000
0.000000
0.000000
0.000000
0.000000
0.000000
0.000000
0.000000
-0.000000
-0.000000
-0.000000
-0.000000
-0.000000
0.000000
0.000000
0.000000
0.000000
0.000000
-0.000000
0.000000
-0.000000
-0.000000
-0.000000
-0.000000
-0.000000
-0.000000
-0.000000
-0.000000
0.000000
0.000000
0.000000
0.000000
0.000000
0.000000
0.000000
0.000000
0.000000
0.000000
0.000000
0.000000
-0.000000
-0.000000
-0.000000
-0.000000
-0.000000
-0.000000
-0.000000
-0.000000
0.000000
0.000000
0.000000
0.000000
0.000000
0.000000
0.000000
-0.000000
0.000000
-0.000000
0.000000
0.000000
-0.000000
-0.000000
-0.000000
-0.000000
-0.000000
0.000000
-0.000000
-0.000000
-0.000000
-0.000000
-0.000000
-0.000000
0.000000
0.000000
0.000000
0.000000
0.000000
0.000000
0.000000
-0.000000
0.000000
-0.000000
-0.000000
-0.000000
-0.000000
-0.000000
-0.000000
-0.000000
-0.000000
0.000000
0.000000
0.000000
0.000000
0.000000
0.000000
0.000000
0.000000
-0.000000
-0.000000
-0.000000
-0.000000
-0.000000
-0.000000
-0.000000
-0.000000
-0.000000
-0.000000
-0.000000
-0.000000
-0.000000
-0.000000
-0.000000
-0.000000
0.000000
0.000000
-0.000000
-0.000000
-0.000000
-0.000000
-0.000000
-0.000000
-0.000000
-0.000000
-0.000000
-0.000000
-0.000000
-0.000000
-0.000000
-0.000000
-0.000000
-0.000000
-0.000000
-0.000000
0.000000
0.000000
-0.000000
-0.000000
-0.000000
-0.000000
0.000000
0.000000
0.000000
-0.000000
-0.000000
-0.000000
-0.000000
-0.000000
-0.000000
-0.000000
-0.000000
-0.000000
-0.000000
-0.000000
-0.000000
-0.000000
-0.000000
-0.000000
-0.000000
-0.000000
-0.000000
-0.000000
-0.000000
-0.000000
-0.000000
-0.000000
-0.000000
-0.000000
-0.000000
-0.000000
-0.000000
-0.000000
-0.000000
-0.000000
-0.000000
-0.000000
-0.000000
-0.000000
-0.000000
-0.000000
-0.000000
-0.000000
-0.000000
-0.000000
-0.000000
0.000000
-0.000000
-0.000000
-0.000000
0.000000
-0.000000
-0.000000
-0.000000
-0.000000
-0.000000
-0.000000
-0.000000
-0.000000
-0.000000
-0.000000
-0.000000
-0.000000
-0.000000
-0.000000
-0.000000
-0.000000
-0.000000
-0.000000
0.000000
-0.000000
0.000000
-0.000000
-0.000000
-0.000000
-0.000000
-0.000000
-0.000000
-0.000000
-0.000000
-0.000000
-0.000000
-0.000000
-0.000000
-0.000000
0.000000
-0.000000
-0.000000
-0.000000
-0.000000
0.000000
-0.000000
-0.000000
-0.000000
-0.000000
0.000000
-0.000000
-0.000000
-0.000000
-0.000000
-0.000000
-0.000000
-0.000000
-0.000000
0.000000
-0.000000
-0.000000
-0.000000
-0.000000
-0.000000
-0.000000
-0.000000
-0.000000
0.000000
-0.000000
0.000000
-0.000000
0.000000
-0.000000
-0.000000
-0.000000
-0.000000
-0.000000
-0.000000
-0.000000
-0.000000
-0.000000
-0.000000
-0.000000
-0.000000
-0.000000
-0.000000
-0.000000
-0.000000
-0.000000
-0.000000
-0.000000
-0.000000
0.000000
0.000000
-0.000000
0.000000
0.000000
-0.000000
-0.000000
0.000000
-0.000000
0.000000
0.000000
-0.000000
-0.000000
-0.000000
-0.000000
-0.000000
-0.000000
0.000000
0.000000
0.000000
-0.000000
0.000000
0.000000
0.000000
-0.000000
-0.000000
-0.000000
-0.000000
-0.000000
-0.000000
-0.000000
-0.000000
-0.000000
-0.000000
-0.000000
0.000000
0.000000
0.000000
0.000000
-0.000000
-0.000000
-0.000000
-0.000000
-0.000000
0.000000
-0.000000
-0.000000
0.000000
0.000000
0.000000
0.000000
0.000000
0.000000
0.000000
0.000000
-0.000000
-0.000000
-0.000000
-0.000000
-0.000000
0.000000
-0.000000
-0.000000
-0.000000
-0.000000
-0.000000
-0.000000
0.000000
0.000000
0.000000
0.000000
-0.000000
-0.000000
-0.000000
-0.000000
-0.000000
-0.000000
-0.000000
-0.000000
-0.000000
-0.000000
0.000000
-0.000000
0.000000
-0.000000
-0.000000
-0.000000
0.000000
0.000000
0.000000
0.000000
0.000000
0.000000
0.000000
0.000000
0.000000
0.000000
-0.000000
-0.000000
-0.000000
-0.000000
-0.000000
-0.000000
-0.000000
-0.000000
-0.000000
-0.000000
0.000000
0.000000
0.000000
0.000000
0.000000
0.000000
-0.000000
-0.000000
-0.000000
0.000000
-0.000000
-0.000000
-0.000000
-0.000000
-0.000000
-0.000000
0.000000
0.000000
0.000000
0.000000
0.000000
0.000000
0.000000
0.000000
0.000000
0.000000
0.000000
0.000000
0.000000
-0.000000
-0.000000
-0.000000
-0.000000
-0.000000
0.000000
0.000000
0.000000
0.000000
0.000000
0.000000
0.000000
0.000000
0.000000
0.000000
0.000000
0.000000
0.000000
-0.000000
0.000000
0.000000
0.000000
0.000000
-0.000000
0.000000
0.000000
-0.000000
0.000000
-0.000000
0.000000
0.000000
0.000000
-0.000000
-0.000000
-0.000000
0.000000
0.000000
0.000000
0.000000
0.000000
0.000000
0.000000
0.000000
-0.000000
0.000000
0.000000
0.000000
0.000000
0.000000
0.000000
0.000000
0.000000
0.000000
0.000000
0.000000
0.000000
0.000000
0.000000
0.000000
0.000000
0.000000
0.000000
0.000000
0.000000
0.000000
-0.000000
0.000000
-0.000000
0.000000
-0.000000
0.000000
0.000000
-0.000000
0.000000
-0.000000
0.000000
0.000000
0.000000
-0.000000
0.000000
0.000000
0.000000
0.000000
0.000000
0.000000
0.000000
0.000000
0.000000
0.000000
0.000000
0.000000
0.000000
0.000000
0.000000
0.000000
0.000000
0.000000
-0.000000
0.000000
-0.000000
0.000000
0.000000
0.000000
0.000000
0.000000
0.000000
0.000000
0.000000
0.000000
0.000000
0.000000
0.000000
0.000000
-0.000000
0.000000
0.000000
0.000000
0.000000
-0.000000
0.000000
0.000000
0.000000
0.000000
-0.000000
0.000000
0.000000
0.000000
0.000000
0.000000
0.000000
0.000000
0.000000
-0.000000
0.000000
0.000000
0.000000
0.000000
0.000000
0.000000
0.000000
0.000000
-0.000000
0.000000
-0.000000
0.000000
-0.000000
0.000000
0.000000
0.000000
0.000000
0.000000
0.000000
0.000000
0.000000
0.000000
0.000000
0.000000
0.000000
0.000000
0.000000
0.000000
0.000000
0.000000
0.000000
0.000000
0.000000
0.000000
-0.000000
0.000000
0.000000
0.000000
0.000000
0.000000
0.000001
-0.000000
0.000001
0.000000
0.000000
-0.000000
-0.000000
0.000000
0.000000
-0.000000
-0.000000
-0.000000
-0.000000
0.000000
-0.000001
0.000001
-0.000000
-0.000000
0.000001
0.000000
0.000000
0.000000
-0.000000
0.000000
0.000000
-0.000001
-0.000000
0.000000
-0.000000
-0.000000
-0.000003
0.000000
0.000000
0.000000
0.000000
-0.000000
0.000000
0.000000
0.000001
-0.000000
0.000000
0.000000
-0.000000
0.000002
-0.000009
0.000003
0.000001
-0.000000
-0.000000
-0.000000
0.000000
0.000000
-0.000000
0.000000
0.000000
0.000000
-0.000000
-0.000000
-0.000001
-0.000001
0.000000
0.000000
0.000001
0.000010
-0.000000
0.000001
-0.000000
-0.000000
-0.000001
0.000000
0.000000
-0.000000
-0.000000
-0.000001
-0.000000
-0.000000
-0.000000
0.000003
-0.000000
-0.000002
-0.000001
0.000001
0.000000
-0.000000
-0.000001
-0.000001
0.000000
0.000000
0.000000
0.000003
0.000000
-0.000001
0.000001
0.000000
0.000000
-0.000000
0.000001
0.000000
0.000000
0.000000
0.000000
0.000005
0.000006
-0.000007
-0.000001
-0.000004
0.000000
0.000004
0.000004
-0.000006
-0.000001
0.000004
-0.000000
0.000000
-0.000000
-0.000000
0.000000
0.000000
0.000002
0.000001
-0.000004
0.000000
-0.000001
0.000002
0.000000
0.000002
0.000003
0.000001
-0.000000
-0.000014
-0.000011
-0.000009
-0.000001
-0.000000
0.000000
0.000000
0.000000
-0.000000
-0.000000
0.000001
-0.000005
0.000003
0.000001
0.000001
0.000003
0.000004
-0.000002
0.000013
-0.000005
-0.000002
0.000006
0.000010
-0.000002
0.000000
0.000006
0.000000
0.000001
-0.000001
-0.000002
0.000004
-0.000000
-0.000001
0.000003
0.000008
0.000000
-0.000001
0.000001
-0.000001
0.000000
0.000000
-0.000002
0.000001
0.000003
0.000005
-0.000001
-0.000002
0.000002
0.000005
-0.000001
-0.000011
-0.000000
-0.000004
-0.000001
0.000016
0.000004
0.000011
-0.000007
-0.000026
-0.000008
-0.000003
0.000003
0.000000
-0.000002
0.000000
0.000000
0.000016
-0.000004
0.000000
0.000007
0.000000
0.000001
-0.000002
-0.000005
-0.000001
0.000000
-0.000000
-0.000000
0.000000
-0.000000
-0.000000
-0.000000
-0.000000
-0.000000
-0.000000
-0.000000
-0.000000
-0.000000
-0.000000
-0.000000
-0.000000
-0.000000
-0.000000
-0.000000
-0.000000
-0.000000
-0.000000
0.000000
-0.000000
0.000000
-0.000000
-0.000000
-0.000000
-0.000000
-0.000000
-0.000000
-0.000000
0.000000
-0.000000
-0.000000
-0.000000
-0.000000
-0.000000
0.000000
-0.000000
-0.000000
-0.000000
-0.000000
0.000000
-0.000000
-0.000000
-0.000000
-0.000000
-0.000000
-0.000000
-0.000000
-0.000000
-0.000000
-0.000000
-0.000000
-0.000000
-0.000000
0.000000
-0.000000
-0.000000
-0.000000
-0.000000
-0.000000
-0.000000
-0.000000
-0.000000
-0.000000
-0.000000
-0.000001
-0.000000
-0.000000
-0.000001
-0.000001
-0.000001
-0.000000
-0.000002
-0.000000
-0.000000
0.000001
-0.000000
-0.000000
-0.000001
-0.000000
-0.000013
-0.000015
0.000003
0.000000
0.000004
0.000001
-0.000001
-0.000001
0.000000
0.000001
-0.000000
0.000000
0.000000
0.000000
0.000000
0.000001
-0.000000
0.000001
0.000000
0.000000
-0.000000
-0.000000
0.000000
0.000000
-0.000000
-0.000000
-0.000000
-0.000000
0.000000
-0.000001
0.000001
-0.000000
-0.000000
0.000001
0.000000
0.000000
0.000000
-0.000000
0.000000
-0.000000
-0.000001
-0.000000
0.000000
-0.000000
-0.000000
-0.000003
0.000000
0.000000
0.000000
0.000000
-0.000000
0.000000
0.000000
0.000001
-0.000000
0.000000
0.000000
-0.000000
0.000002
-0.000009
0.000003
0.000001
-0.000000
-0.000000
-0.000000
0.000000
0.000000
-0.000000
0.000000
0.000000
0.000000
-0.000000
-0.000000
-0.000001
-0.000001
0.000000
0.000000
0.000001
0.000010
-0.000000
0.000001
-0.000000
-0.000000
-0.000001
0.000000
0.000000
-0.000000
-0.000000
-0.000001
0.000000
-0.000000
-0.000000
0.000003
-0.000000
-0.000002
-0.000001
0.000001
0.000000
-0.000000
-0.000001
-0.000001
0.000000
0.000000
0.000000
0.000003
0.000000
-0.000001
0.000001
0.000000
0.000000
-0.000000
0.000001
0.000000
0.000000
0.000000
0.000000
0.000005
0.000006
-0.000007
-0.000001
-0.000004
0.000000
0.000004
0.000004
-0.000006
-0.000001
0.000004
-0.000000
0.000000
-0.000000
-0.000000
0.000000
0.000000
0.000002
0.000001
-0.000004
0.000000
-0.000001
0.000002
0.000000
0.000002
0.000003
0.000001
-0.000000
-0.000014
-0.000011
-0.000009
-0.000001
-0.000000
0.000000
0.000000
0.000000
-0.000000
-0.000000
0.000001
-0.000005
0.000003
0.000001
0.000001
0.000003
0.000004
-0.000002
0.000013
-0.000005
-0.000002
0.000006
0.000010
-0.000002
0.000000
0.000006
0.000000
0.000001
-0.000001
-0.000002
0.000004
-0.000000
-0.000001
0.000003
0.000008
0.000000
-0.000001
0.000001
-0.000001
0.000000
0.000000
-0.000002
0.000001
0.000003
0.000005
-0.000001
-0.000002
0.000002
0.000005
-0.000001
-0.000011
-0.000000
-0.000004
-0.000001
0.000016
0.000004
0.000011
-0.000007
-0.000026
-0.000008
-0.000003
0.000003
0.000000
-0.000002
0.000000
0.000000
0.000016
-0.000004
0.000000
0.000007
0.000000
0.000001
-0.000002
-0.000005
-0.000001
0.000000
-0.000000
-0.000000
0.000000
-0.000000
-0.000000
-0.000000
-0.000000
-0.000000
-0.000000
-0.000000
-0.000000
-0.000000
-0.000000
-0.000000
-0.000000
-0.000000
-0.000000
-0.000000
-0.000000
-0.000000
-0.000000
0.000000
-0.000000
0.000000
-0.000000
-0.000000
-0.000000
-0.000000
-0.000000
