10
20
13
12
5
10
20
13
12
5
10
20
13
12
5
10
20
13
12
5
10
20
13
12
5
10
20
13
12
5
10
20
13
12
5
10
20
13
12
5
10
20
13
12
5
10
20
13
12
5
10
20
13
12
5
10
20
13
12
5
10
20
13
12
5
10
20
13
12
5
10
20
13
12
5
10
20
13
12
5
10
20
13
12
5
10
20
13
12
5
10
20
13
12
5
10
20
13
12
5
10
20
13
12
5
10
20
13
12
5
10
20
13
12
5
10
20
13
12
5
10
20
13
12
5
10
20
13
12
5
10
20
13
12
5
10
20
13
12
5
10
20
13
12
5
10
20
13
12
5
10
20
13
12
5
10
20
13
12
5
10
20
13
12
5
10
20
13
12
5
10
20
13
12
5
