300
-9.999781
-9.999684
-10.000298
-10.000974
-9.999972
-9.999684
-9.999571
-9.999761
-9.999719
-10.001208
-10.000512
-10.009891
-10.000082
-10.002175
-9.994644
-9.999942
-9.999025
-10.000006
-10.000016
-9.997759
-10.000299
-9.999233
-9.998154
-9.999836
-10.000642
-10.000197
-9.999198
-10.001009
-9.997480
-10.000905
-9.998972
-10.000327
-9.999602
-10.004321
-9.999026
-9.998417
-10.000361
-10.000021
-10.000456
-9.998849
-9.999234
-10.000664
-9.998912
-10.001184
-9.999730
-10.000193
-9.999635
-10.000241
-10.000207
-9.999360
-9.999980
-10.000583
-9.999925
-9.999788
-9.999417
-10.000695
-9.999508
-10.000391
-10.000043
-10.000228
-9.999876
-10.000615
-9.998858
-9.999857
-10.000778
-10.000859
-10.000015
-9.999297
-9.998456
-10.001023
-9.999367
-10.001331
-9.999072
-10.000810
-9.999642
-9.998481
-10.002273
-10.000227
-10.001117
-10.000417
-9.999298
-9.999701
-10.000134
-9.999936
-10.000979
-10.001591
-10.000650
-10.000311
-9.998944
-9.998469
-10.000442
-9.999944
-10.000523
-9.999794
-10.002321
-10.000892
-9.999340
-9.999299
-10.000444
-10.002940
-9.999841
-9.997666
-9.999289
-10.000519
-10.000090
-9.999455
-9.997305
-10.000326
-9.997567
-10.000232
-9.999119
-9.999998
-10.003580
-10.000323
-9.998456
-10.000311
-9.998892
-10.001535
-9.998612
-9.998454
-9.998642
-10.001054
-10.001070
-9.999810
-9.999504
-9.999817
-10.000026
-10.000507
-9.999404
-9.999102
-10.001375
-10.003878
-10.001216
-9.999680
-9.999476
-9.999926
-10.000193
-9.997613
-9.998037
-9.999199
-10.001707
-9.999412
-10.000103
-10.000240
-10.000377
-10.000619
-9.999365
-9.998356
-9.999855
-10.001202
-9.999955
-9.999640
-10.000034
-9.997658
-9.997642
-10.000350
-10.000301
-9.997837
-9.998711
-10.000488
-9.999855
-10.000741
-9.999273
-10.000889
-9.999502
-9.999717
-9.999703
-10.001309
-9.999487
-9.998708
-10.000809
-9.999191
-10.001772
-10.000371
-9.999632
-10.000177
-9.999665
-10.000609
-9.996725
-10.000391
-10.000369
-9.997548
-10.000127
-9.996917
-9.999691
-10.000238
-9.998216
-10.000047
-9.999197
-9.999571
-10.000640
-9.998068
-10.001124
-10.000121
-10.001306
-10.000447
-9.997669
-9.999640
-9.998440
-10.001183
-10.000296
-10.000525
-10.002584
-10.000031
-9.999586
-10.001616
-9.999919
-10.001772
-9.999508
-9.999148
-10.001749
-9.998696
-9.999681
-10.000329
-9.999142
-10.001114
-10.004203
-9.999288
-9.999246
-9.998241
-9.999761
-9.998264
-10.001419
-10.000719
-9.999619
-10.001308
-10.000053
-10.000408
-9.999950
-10.003184
-10.000028
-10.000483
-9.997600
-9.998931
-10.001489
-10.000705
-9.999043
-10.002163
-9.999517
-10.000469
-10.000501
-9.999936
-9.999400
-9.999461
-10.000472
-9.997684
-9.999341
-10.002256
-9.999859
-9.999745
-10.000285
-9.999806
-10.001345
-10.001574
-9.996914
-9.999412
-10.000181
-10.000099
-9.999762
-10.001104
-9.999149
-9.999009
-10.000085
-9.999004
-10.000241
-9.999645
-9.999094
-9.999674
-10.000796
-9.999774
-9.999626
-9.997974
-9.999454
-9.999646
-10.000121
-9.998857
-9.999193
-10.001242
-10.000278
-10.003079
-10.000312
-10.001021
-10.001499
-10.000197
-10.002133
-10.005288
-10.000579
-9.999758
-9.999722
-9.999774
-9.999645
-9.999851
-9.998876
-10.000067
-9.998419
-9.999944
-10.001047
-10.001575
-9.999880
-9.999461
