1444
-12.308111
-51.217512
9.207402
-102.674815
-75.434997
-83.466934
-20.711555
-19.931513
80.943485
-25.661936
-9.508996
42.143763
38.760324
-22.678066
6.513290
60.257544
-56.846223
-71.421986
-27.678200
-57.784829
-5.412498
-8.986345
-30.229088
58.202245
-34.259171
-12.995431
-191.656448
17.613625
-124.704331
-315.758620
-195.939183
-15.989659
-39.330026
8.021464
-68.801697
-38.170765
39.900126
-13.584798
-39.562418
177.356775
-1.419898
-45.820315
-84.283396
-21.361462
-32.589132
-43.252665
-40.993348
-40.086565
-31.045752
4.370055
-21.642156
-92.106023
-69.246763
-71.204787
78.788517
-106.971653
-63.729921
287.877358
-191.341833
-111.506768
-54.300483
-109.284197
-18.943326
2.504013
-39.538453
-65.706717
45.820983
-79.810342
-10.127594
22.014102
34.454332
-56.093158
-59.297014
-107.075680
-165.421761
-136.948875
-46.478363
-40.267909
-40.792046
-98.482583
-33.624900
-82.531405
-43.963960
-9.451476
-37.903744
3.394880
-16.962452
-112.770752
7.399992
5.279485
33.913720
-68.696012
-30.500858
-2.347928
-42.489775
-68.203978
-77.385640
-195.989239
78.684679
111.828969
29.440990
-51.523569
-59.520958
-17.616552
-40.760560
21.054274
-93.183044
-69.296874
-103.922158
-78.819346
-97.809045
-141.259699
-32.137412
8.958339
-67.244030
0.103317
65.556596
-251.748790
32.509219
144.066613
29.337230
-16.227817
-80.263069
27.575990
-129.427727
-163.071108
-10.787052
-119.677158
-56.390052
57.094947
-62.020200
25.267840
31.559683
-29.266856
-29.369786
-26.525394
-145.234559
-79.221632
-73.781175
-44.447379
-48.320627
79.657196
-49.343827
34.930347
-123.794278
-110.244589
-0.525272
-112.525792
-57.123414
56.346010
187.471147
52.294246
50.739501
46.812541
-9.887543
0.000000
37.748223
96.958925
67.376041
-311.352322
-21.647628
-17.362970
5.005130
-41.168864
-129.071862
-85.803554
20.243779
71.645355
-116.756644
-7.135831
44.085789
106.004018
-79.326284
-34.146968
29.304237
-25.302859
-8.489913
-67.037950
-8.885414
-44.906575
75.054781
40.942434
53.360328
-207.106542
-285.021927
-182.305967
29.506544
255.195310
105.820116
66.503880
-41.937216
-34.495137
-47.437637
-61.344367
-556.409385
19.145342
17.415646
73.024456
281.751754
-78.514850
27.488479
-53.918205
-24.253963
-76.067332
-173.435530
589.474856
-140.768694
-0.000715
-0.004122
0.008917
-0.000211
-0.000106
-0.000235
-0.000228
-0.000863
-0.051820
-0.014293
-0.007699
-0.002316
-0.006436
-0.004402
-0.004092
-0.010858
-0.003994
-0.001809
-0.004183
-0.008371
-0.033368
0.117993
-0.029497
0.010969
-0.003723
-0.080472
-0.211243
-0.072092
-0.016679
-0.038317
-0.007251
0.072938
-0.239442
-0.063035
-0.036280
-0.022078
-0.010120
0.012962
-0.006287
-0.046986
-0.080340
-0.045547
0.031433
-0.150888
-0.070742
-0.483638
-0.779218
0.194356
-0.146168
-0.109828
-0.026756
-0.016826
-0.086332
-0.039176
-0.084049
-0.086025
0.042476
-0.130121
-0.118143
-0.341555
-0.511885
-1.166556
-0.112356
-0.114080
0.072836
-0.121390
-0.063768
-1.100830
-0.619524
0.035976
-1.269305
-1.503648
-2.940502
-1.039532
-5.029174
-0.091296
0.726433
-1.456173
-1.125824
-1.465229
-3.663025
-1.163638
-37.134629
-47.574449
6.969969
25.422798
49.007846
20.346093
2.219302
2.711880
-4.644359
2.257160
-0.494457
0.000000
0.000000
0.000000
0.000001
0.000000
0.000000
0.000000
-0.000001
-0.000003
-0.000002
-0.000003
-0.000001
0.000002
-0.000000
0.000001
-0.000001
0.000000
0.000001
0.000001
0.000001
-0.000000
-0.000001
0.000001
-0.000003
-0.000002
-0.000003
-0.000003
-0.000004
0.000001
0.000001
0.000001
0.000001
0.000001
0.000002
0.000000
0.000001
-0.000003
-0.000001
-0.000002
0.000001
0.000001
0.000001
0.000001
0.000001
0.000001
0.000001
0.000001
0.000001
0.000001
0.000000
0.000000
-0.000001
-0.000002
-0.000002
-0.000002
-0.000002
-0.000003
-0.000005
0.000001
0.000000
-0.000001
-0.000003
0.000001
0.000001
0.000001
0.000001
0.000001
0.000001
0.000000
-0.000001
-0.000001
-0.000004
-0.000001
-0.000001
-0.000000
-0.000000
0.000001
0.000001
0.000002
0.000003
-0.000001
0.000001
0.000001
0.000001
0.000001
0.000001
0.000001
0.000001
0.000000
0.000000
-0.000000
-0.000000
-0.000000
-0.000001
-0.000002
-0.000002
-0.000001
0.000001
0.000001
0.000001
0.000000
0.000003
0.000002
0.000001
0.000001
0.000000
0.000001
0.000001
0.000001
0.000001
-0.000000
-0.000001
-0.000000
0.000001
0.000001
0.000002
0.000001
0.000002
0.000003
0.000002
0.000000
0.000001
0.000001
0.000001
0.000000
0.000001
0.000000
0.000001
0.000001
0.000001
0.000000
0.000001
-0.000000
-0.000001
-0.000000
-0.000001
0.000003
0.000003
0.000001
0.000001
0.000001
0.000001
0.000001
0.000000
0.000001
0.000000
0.000000
0.000001
0.000000
0.000000
-0.000000
-0.000001
-0.000000
-0.000000
-0.000000
-0.000000
0.000000
0.000000
-0.000000
-0.000000
-0.000001
-0.000001
0.000001
0.000001
0.000003
0.000001
-0.000000
-0.000000
-0.000002
-0.000000
0.000000
0.000000
0.000000
0.000001
0.000001
0.000000
-0.000000
-0.000000
0.000000
-0.000000
0.000000
-0.000000
0.000001
0.000000
0.000000
-0.000000
-0.000000
-0.000000
-0.000000
-0.000000
-0.000000
-0.000000
-0.000000
-0.000000
0.000000
-0.000001
-0.000000
-0.000000
-0.000002
-0.000000
-0.000000
-0.000001
-0.000000
-0.000003
0.000000
-0.000000
-0.000000
0.000000
0.000000
-0.000000
-0.000000
0.000000
-0.000000
-0.000000
-0.000000
-0.000000
-0.000000
-0.000000
-0.000000
-0.000000
-0.000000
-0.000000
-0.000000
-0.000000
-0.000000
-0.000000
-0.000000
-0.000000
-0.000000
-0.000000
0.000000
-0.000000
0.000000
-0.000000
-0.000000
-0.000000
-0.000000
-0.000000
-0.000000
-0.000000
-0.000000
-0.000000
-0.000000
-0.000000
-0.000000
-0.000000
0.000000
-0.000000
-0.000000
-0.000000
-0.000000
0.000000
-0.000000
-0.000000
-0.000000
-0.000000
0.000000
-0.000000
-0.000000
-0.000000
-0.000000
-0.000000
-0.000000
-0.000000
-0.000000
0.000000
-0.000000
-0.000000
-0.000000
-0.000000
-0.000000
-0.000000
-0.000000
-0.000000
0.000000
-0.000000
0.000000
-0.000000
-0.000000
-0.000000
-0.000000
-0.000000
-0.000000
-0.000000
-0.000000
-0.000000
-0.000000
-0.000000
-0.000000
-0.000000
-0.000000
-0.000000
-0.000000
-0.000000
-0.000000
-0.000000
-0.000000
-0.000000
-0.000000
0.000000
0.000000
-0.000000
0.000000
0.000000
-0.000000
-0.000001
-0.000000
-0.000000
0.000000
0.000001
0.000003
0.000002
0.000003
0.000002
-0.000002
-0.000000
-0.000001
0.000000
-0.000001
-0.000001
-0.000001
-0.000001
0.000000
0.000001
-0.000001
0.000003
0.000002
0.000002
0.000003
0.000004
-0.000000
-0.000001
-0.000001
-0.000001
-0.000001
-0.000002
0.000000
-0.000000
0.000003
0.000001
0.000001
-0.000001
-0.000001
-0.000001
-0.000001
-0.000001
-0.000001
-0.000001
-0.000001
-0.000001
-0.000000
-0.000000
-0.000000
0.000001
0.000002
0.000002
0.000001
0.000002
0.000003
0.000005
-0.000001
-0.000000
0.000001
0.000004
-0.000001
-0.000001
-0.000001
-0.000001
-0.000001
-0.000001
-0.000000
0.000001
0.000001
0.000003
0.000001
0.000001
0.000001
-0.000000
-0.000000
-0.000001
-0.000002
-0.000003
0.000002
-0.000001
-0.000001
-0.000001
-0.000001
-0.000001
-0.000001
-0.000001
0.000001
-0.000000
-0.000000
0.000000
-0.000000
0.000001
0.000001
0.000001
0.000001
0.000000
0.000000
-0.000001
-0.000001
-0.000003
-0.000002
-0.000001
-0.000000
-0.000000
-0.000001
-0.000001
-0.000001
-0.000001
-0.000000
0.000001
0.000000
-0.000000
-0.000001
-0.000002
-0.000001
-0.000003
-0.000003
-0.000002
0.000001
-0.000001
-0.000001
-0.000001
-0.000000
-0.000001
-0.000001
-0.000001
-0.000002
-0.000001
-0.000000
-0.000001
-0.000000
0.000001
0.000000
0.000001
-0.000003
-0.000002
-0.000000
-0.000001
-0.000001
-0.000001
-0.000001
-0.000000
-0.000001
-0.000000
-0.000000
-0.000001
0.000000
-0.000000
0.000000
0.000001
0.000000
0.000000
0.000000
0.000000
-0.000000
0.000000
0.000000
0.000000
0.000001
0.000001
-0.000000
-0.000000
-0.000002
-0.000001
-0.000000
-0.000000
0.000002
-0.000000
-0.000000
-0.000000
-0.000001
-0.000001
-0.000001
0.000000
-0.000000
0.000000
0.000000
0.000000
-0.000000
0.000001
-0.000001
-0.000000
-0.000000
0.000000
0.000001
0.000000
0.000000
0.000000
0.000000
0.000000
0.000000
0.000000
-0.000000
0.000001
0.000000
-0.000000
0.000001
0.000000
0.000001
0.000001
0.000000
0.000003
-0.000000
0.000000
-0.000000
-0.000000
-0.000000
0.000000
0.000000
-0.000000
0.000000
0.000000
0.000000
0.000000
0.000000
0.000000
0.000000
0.000000
0.000000
0.000000
0.000000
0.000000
0.000000
0.000000
0.000000
0.000000
0.000000
0.000000
-0.000000
0.000000
-0.000000
0.000000
0.000000
0.000000
0.000000
0.000000
0.000000
0.000000
0.000000
0.000000
0.000000
0.000000
0.000000
0.000000
-0.000000
0.000000
0.000000
0.000000
0.000000
-0.000000
0.000000
0.000000
0.000000
0.000000
-0.000000
0.000000
0.000000
0.000000
0.000000
0.000000
0.000000
0.000000
0.000000
-0.000000
0.000000
0.000000
0.000000
0.000000
0.000000
0.000000
0.000000
0.000000
-0.000000
0.000000
0.000000
0.000000
0.000000
0.000000
0.000000
0.000000
0.000000
0.000000
0.000000
0.000000
0.000000
0.000000
0.000000
0.000000
0.000000
0.000000
0.000000
0.000000
0.000000
0.000000
0.000000
0.000000
0.000000
-0.000000
-0.000000
0.000000
0.000000
0.000000
0.000016
-0.000026
0.000018
-0.000057
-0.000048
0.000006
0.000011
-0.000015
0.000001
-0.000006
0.000005
-0.000014
0.000023
-0.000001
-0.000009
0.000028
-0.000020
-0.000025
-0.000032
0.000013
-0.000006
-0.000001
0.000000
0.000098
-0.000029
0.000012
-0.000010
0.000049
-0.000092
-0.000307
0.000027
0.000046
-0.000007
-0.000009
-0.000006
-0.000005
0.000207
0.000046
0.000055
0.000103
0.000037
-0.000019
-0.000042
0.000003
-0.000009
0.000005
-0.000005
0.000002
0.000003
0.000024
-0.000015
0.000003
0.000039
-0.000010
-0.000025
-0.000038
-0.000039
0.000180
-0.000157
-0.000061
0.000000
-0.000003
0.000003
0.000018
-0.000001
-0.000002
-0.000007
0.000029
0.000016
0.000010
0.000066
-0.000035
-0.000061
-0.000073
-0.000047
-0.000037
0.000000
0.000000
-0.000000
-0.000006
0.000000
-0.000008
0.000042
-0.000018
-0.000021
0.000037
0.000041
-0.000031
0.000005
0.000006
0.000009
-0.000054
-0.000014
0.000036
-0.000015
0.000058
0.000044
-0.000047
0.000111
-0.000009
-0.000006
-0.000044
-0.000074
0.000002
0.000001
0.000037
-0.000038
0.000005
-0.000054
-0.000091
-0.000021
-0.000169
0.000011
-0.000055
0.000093
-0.000043
-0.000020
0.000055
0.000028
0.000094
0.000040
0.000007
-0.000100
0.000046
-0.000105
-0.000006
-0.000016
-0.000066
0.000012
0.000085
-0.000009
0.000027
0.000033
0.000068
0.000003
0.000002
0.000028
0.000009
-0.000025
0.000010
-0.000010
0.000068
0.000013
0.000012
-0.000105
-0.000060
0.000012
-0.000012
0.000032
0.000095
0.000026
0.000040
0.000041
0.000058
-0.000012
0.000000
0.000033
0.000068
0.000081
-0.000225
0.000190
-0.000066
0.000038
0.000055
-0.000060
-0.000064
-0.000008
0.000040
-0.000108
0.000003
-0.000038
0.000063
-0.000014
-0.000027
0.000035
-0.000049
0.000026
0.000013
0.000028
-0.000011
0.000069
0.000075
0.000033
-0.000014
-0.000036
-0.000053
0.000025
0.000274
0.000191
0.000099
-0.000048
-0.000042
-0.000060
-0.000038
-0.000046
0.000015
0.000012
0.000147
0.000139
-0.000023
0.000030
-0.000022
-0.000029
-0.000148
0.000019
0.000104
0.000013
0.000000
0.000000
-0.000000
0.000000
0.000000
0.000000
0.000000
0.000000
0.000000
0.000000
0.000000
0.000000
0.000000
0.000000
0.000000
0.000000
0.000000
0.000000
0.000000
0.000000
0.000000
-0.000000
0.000000
-0.000000
0.000000
0.000000
0.000000
0.000000
0.000000
0.000000
0.000000
0.000000
0.000000
0.000000
0.000000
0.000000
0.000000
-0.000000
0.000000
0.000000
0.000000
0.000000
0.000000
0.000000
0.000000
0.000000
-0.000000
-0.000000
0.000000
0.000000
0.000000
0.000000
0.000000
0.000000
0.000000
0.000000
0.000000
0.000000
0.000000
0.000000
-0.000000
-0.000000
0.000000
0.000000
0.000000
-0.000000
0.000000
0.000000
-0.000000
0.000000
-0.000000
-0.000000
-0.000001
-0.000000
-0.000002
0.000001
0.000003
-0.000001
-0.000000
-0.000001
-0.000001
-0.000000
-0.000015
-0.000018
0.000012
0.000031
0.000057
0.000025
0.000004
0.000005
-0.000005
0.000002
-0.000000
0.000000
0.000000
0.000016
-0.000027
0.000017
-0.000057
-0.000048
0.000007
0.000014
-0.000013
0.000005
-0.000004
0.000004
-0.000014
0.000022
-0.000001
-0.000010
0.000027
-0.000020
-0.000026
-0.000031
0.000014
-0.000007
0.000002
0.000002
0.000101
-0.000027
0.000015
-0.000010
0.000048
-0.000093
-0.000308
0.000025
0.000044
-0.000007
-0.000009
-0.000003
-0.000004
0.000208
0.000044
0.000053
0.000101
0.000036
-0.000020
-0.000042
0.000003
-0.000010
0.000004
-0.000005
0.000002
0.000003
0.000026
-0.000013
0.000005
0.000040
-0.000008
-0.000022
-0.000033
-0.000040
0.000180
-0.000155
-0.000057
-0.000001
-0.000004
0.000003
0.000017
-0.000001
-0.000003
-0.000007
0.000030
0.000017
0.000013
0.000067
-0.000034
-0.000060
-0.000074
-0.000048
-0.000038
-0.000002
-0.000002
0.000002
-0.000007
-0.000000
-0.000009
0.000041
-0.000019
-0.000022
0.000036
0.000041
-0.000031
0.000005
0.000006
0.000009
-0.000053
-0.000012
0.000038
-0.000013
0.000058
0.000044
-0.000047
0.000110
-0.000013
-0.000008
-0.000044
-0.000075
0.000002
0.000000
0.000036
-0.000039
0.000004
-0.000055
-0.000090
-0.000021
-0.000170
0.000009
-0.000056
0.000092
-0.000046
-0.000022
0.000052
0.000029
0.000094
0.000040
0.000006
-0.000100
0.000045
-0.000106
-0.000007
-0.000018
-0.000066
0.000011
0.000084
-0.000009
0.000028
0.000033
0.000068
-0.000000
-0.000000
0.000028
0.000008
-0.000026
0.000008
-0.000011
0.000068
0.000012
0.000011
-0.000105
-0.000061
0.000012
-0.000012
0.000032
0.000096
0.000026
0.000040
0.000041
0.000058
-0.000012
0.000000
0.000033
0.000068
0.000081
-0.000224
0.000189
-0.000066
0.000036
0.000054
-0.000060
-0.000064
-0.000006
0.000040
-0.000108
0.000003
-0.000039
0.000062
-0.000014
-0.000027
0.000035
-0.000049
0.000026
0.000013
0.000028
-0.000011
0.000068
0.000075
0.000033
-0.000013
-0.000036
-0.000052
0.000025
0.000274
0.000191
0.000099
-0.000048
-0.000042
-0.000060
-0.000036
-0.000045
0.000015
0.000013
0.000147
0.000140
-0.000023
0.000030
-0.000019
-0.000029
-0.000147
0.000019
0.000104
0.000013
0.000000
0.000000
-0.000000
0.000000
0.000000
0.000000
0.000000
0.000000
0.000000
0.000000
0.000000
0.000000
0.000000
0.000000
0.000000
0.000000
0.000000
0.000000
0.000000
0.000000
0.000000
-0.000000
0.000000
-0.000000
0.000000
0.000000
0.000000
0.000000
0.000000
